3.545560063933036465e-01
2.165120953809667737e-01
1.918155388461940114e-01
1.684997361788589665e-01
1.753271807574539598e-01
1.505112465635330965e-01
1.448974999654950579e-01
1.514264067879157460e-01
1.349223069138754116e-01
1.533348377157311426e-01
1.309907083172421605e-01
1.348553513913395840e-01
1.268745198930063267e-01
1.367042326569670452e-01
1.476671342956948629e-01
1.484255052056804025e-01
1.277717537770007017e-01
1.714891227384512662e-01
1.242731527658854640e-01
1.323152312114559137e-01
1.423822625469688685e-01
1.391882989944929205e-01
1.504852891144174143e-01
1.253790765032447851e-01
1.306214948121545150e-01
1.347033202058390278e-01
1.202454237742955900e-01
1.285601906403519290e-01
1.169128805920161274e-01
1.408724851475240403e-01
1.407025594475513897e-01
1.128820029224934796e-01
1.342098738641256117e-01
1.346432942020060475e-01
1.223079376336228541e-01
1.108557878829429244e-01
1.614767414172052218e-01
1.365757613257579661e-01
1.103947888004487982e-01
1.149258220362270183e-01
1.566709648528666066e-01
1.097760376742970140e-01
1.749852727500662009e-01
1.192206375582916950e-01
1.118371344621058860e-01
1.356233590633550423e-01
0.000000000000000000e+00
